function pageload() {
var array = [0,0,0,0,0,0,0,0,0,0,0,0,0,0,0,0,0,0,0,0,];
for (i=0; i<999999; i++)
{
  single_roll = Math.floor((Math.random() *20 + 1));
  array[single_roll-1]+=1;
}

console.log(array);
}

(4) [249766, 250161, 250317, 249755]
(6) [166203, 167151, 166413, 166207, 167126, 166899]
(8) [124233, 125178, 125483, 124970, 125013, 125291, 125179, 124652]
(8) [125028, 124589, 125032, 125314, 125207, 124924, 125275, 124630]
(10) [99998, 99584, 100300, 99917, 100606, 100321, 99977, 99503, 100171, 99622]
(10) [100476, 100394, 99507, 100121, 100098, 99790, 99721, 100444, 99550, 99898]
(12) [82782, 83394, 83482, 83612, 83418, 83909, 83268, 83030, 83384, 83604, 83075, 83041]
(12) [83256, 82579, 83802, 83571, 83649, 82984, 83803, 83479, 83284, 83031, 83417, 83144]
(20) [50132, 50168, 50019, 49946, 50206, 50050, 49708, 50041, 50059, 50013, 49409, 49793, 50103, 50034, 50059, 50210, 50285, 49889, 50017, 49858]
(20) [49907, 49911, 50446, 50323, 49491, 49816, 50097, 49473, 49964, 50197, 50017, 49750, 49758, 50170, 49610, 50144, 50105, 50086, 50072, 50662]
(20) [50029, 49903, 49778, 49715, 49812, 50199, 49882, 50059, 50305, 50190, 50236, 50035, 50334, 49911, 49705, 49674, 50057, 50172, 50055, 49948]